10 0 10.0
10 1 5.0
10 2 3.3333333333333335
10 3 2.5
10 4 2.0
10 5 1.6666666666666667
10 6 1.4285714285714286
10 7 1.25
10 8 1.1111111111111112
10 9 1.0
10 10 0.9090909090909091
20 0 20.0
20 1 10.0
20 2 6.666666666666667
20 3 5.0
20 4 4.0
20 5 3.3333333333333335
20 6 2.857142857142857
20 7 2.5
20 8 2.2222222222222223
20 9 2.0
20 10 1.8181818181818181
20 11 1.6666666666666667
20 12 1.5384615384615385
20 13 1.4285714285714286
20 14 1.3333333333333333
20 15 1.25
20 16 1.1764705882352942
20 17 1.1111111111111112
20 18 1.0526315789473684
20 19 1.0
20 20 0.9523809523809523
30 0 30.0
30 1 15.0
30 2 10.0
30 3 7.5
30 4 6.0
30 5 5.0
30 6 4.285714285714286
30 7 3.75
30 8 3.3333333333333335
30 9 3.0
30 10 2.727272727272727
30 11 2.5
30 12 2.3076923076923075
30 13 2.142857142857143
30 14 2.0
30 15 1.875
30 16 1.7647058823529411
30 17 1.6666666666666667
30 18 1.5789473684210527
30 19 1.5
30 20 1.4285714285714286
30 21 1.3636363636363635
30 22 1.3043478260869565
30 23 1.25
30 24 1.2
30 25 1.1538461538461537
30 26 1.1111111111111112
30 27 1.0714285714285714
30 28 1.0344827586206897
30 29 1.0
30 30 0.967741935483871
40 0 40.0
40 1 20.0
40 2 13.333333333333334
40 3 10.0
40 4 8.0
40 5 6.666666666666667
40 6 5.714285714285714
40 7 5.0
40 8 4.444444444444445
40 9 4.0
40 10 3.6363636363636362
40 11 3.3333333333333335
40 12 3.076923076923077
40 13 2.857142857142857
40 14 2.6666666666666665
40 15 2.5
40 16 2.3529411764705883
40 17 2.2222222222222223
40 18 2.1052631578947367
40 19 2.0
40 20 1.9047619047619047
40 21 1.8181818181818181
40 22 1.7391304347826086
40 23 1.6666666666666667
40 24 1.6
40 25 1.5384615384615385
40 26 1.4814814814814814
40 27 1.4285714285714286
40 28 1.3793103448275863
40 29 1.3333333333333333
40 30 1.2903225806451613
40 31 1.25
40 32 1.2121212121212122
40 33 1.1764705882352942
40 34 1.1428571428571428
40 35 1.1111111111111112
40 36 1.0810810810810811
40 37 1.0526315789473684
40 38 1.0256410256410255
40 39 1.0
40 40 0.975609756097561
50 0 50.0
50 1 25.0
50 2 16.666666666666668
50 3 12.5
50 4 10.0
50 5 8.333333333333334
50 6 7.142857142857143
50 7 6.25
50 8 5.555555555555555
50 9 5.0
50 10 4.545454545454546
50 11 4.166666666666667
50 12 3.8461538461538463
50 13 3.5714285714285716
50 14 3.3333333333333335
50 15 3.125
50 16 2.9411764705882355
50 17 2.7777777777777777
50 18 2.6315789473684212
50 19 2.5
50 20 2.380952380952381
50 21 2.272727272727273
50 22 2.1739130434782608
50 23 2.0833333333333335
50 24 2.0
50 25 1.9230769230769231
50 26 1.8518518518518519
50 27 1.7857142857142858
50 28 1.7241379310344827
50 29 1.6666666666666667
50 30 1.6129032258064515
50 31 1.5625
50 32 1.5151515151515151
50 33 1.4705882352941178
50 34 1.4285714285714286
50 35 1.3888888888888888
50 36 1.3513513513513513
50 37 1.3157894736842106
50 38 1.2820512820512822
50 39 1.25
50 40 1.2195121951219512
50 41 1.1904761904761905
50 42 1.1627906976744187
50 43 1.1363636363636365
50 44 1.1111111111111112
50 45 1.0869565217391304
50 46 1.0638297872340425
50 47 1.0416666666666667
50 48 1.0204081632653061
50 49 1.0
50 50 0.9803921568627451
100 0 100.0
100 1 50.0
100 2 33.333333333333336
100 3 25.0
100 4 20.0
100 5 16.666666666666668
100 6 14.285714285714286
100 7 12.5
100 8 11.11111111111111
100 9 10.0
100 10 9.090909090909092
100 11 8.333333333333334
100 12 7.6923076923076925
100 13 7.142857142857143
100 14 6.666666666666667
100 15 6.25
100 16 5.882352941176471
100 17 5.555555555555555
100 18 5.2631578947368425
100 19 5.0
100 20 4.761904761904762
100 21 4.545454545454546
100 22 4.3478260869565215
100 23 4.166666666666667
100 24 4.0
100 25 3.8461538461538463
100 26 3.7037037037037037
100 27 3.5714285714285716
100 28 3.4482758620689653
100 29 3.3333333333333335
100 30 3.225806451612903
100 31 3.125
100 32 3.0303030303030303
100 33 2.9411764705882355
100 34 2.857142857142857
100 35 2.7777777777777777
100 36 2.7027027027027026
100 37 2.6315789473684212
100 38 2.5641025641025643
100 39 2.5
100 40 2.4390243902439024
100 41 2.380952380952381
100 42 2.3255813953488373
100 43 2.272727272727273
100 44 2.2222222222222223
100 45 2.1739130434782608
100 46 2.127659574468085
100 47 2.0833333333333335
100 48 2.0408163265306123
100 49 2.0
100 50 1.9607843137254901
100 51 1.9230769230769231
100 52 1.8867924528301887
100 53 1.8518518518518519
100 54 1.8181818181818181
100 55 1.7857142857142858
100 56 1.7543859649122806
100 57 1.7241379310344827
100 58 1.694915254237288
100 59 1.6666666666666667
100 60 1.639344262295082
100 61 1.6129032258064515
100 62 1.5873015873015872
100 63 1.5625
100 64 1.5384615384615385
100 65 1.5151515151515151
100 66 1.492537313432836
100 67 1.4705882352941178
100 68 1.4492753623188406
100 69 1.4285714285714286
100 70 1.408450704225352
100 71 1.3888888888888888
100 72 1.36986301369863
100 73 1.3513513513513513
100 74 1.3333333333333333
100 75 1.3157894736842106
100 76 1.2987012987012987
100 77 1.2820512820512822
100 78 1.2658227848101267
100 79 1.25
100 80 1.2345679012345678
100 81 1.2195121951219512
100 82 1.2048192771084338
100 83 1.1904761904761905
100 84 1.1764705882352942
100 85 1.1627906976744187
100 86 1.1494252873563218
100 87 1.1363636363636365
100 88 1.1235955056179776
100 89 1.1111111111111112
100 90 1.098901098901099
100 91 1.0869565217391304
100 92 1.075268817204301
100 93 1.0638297872340425
100 94 1.0526315789473684
100 95 1.0416666666666667
100 96 1.0309278350515463
100 97 1.0204081632653061
100 98 1.0101010101010102
100 99 1.0
100 100 0.9900990099009901
